0  1.45627e-05  1.13733e-05 -2.28372e-05 0.023503 0.999329 -3.64694e-05 0.0280847
1 0.0620063 -0.171355 0.0278483 -0.0849287 0.995478 0.0397193 0.0152515
2  0.0496628 -0.0585066  0.0231241 -0.201602 0.979301 -0.00499949 0.017364
3  0.0523692 -0.0571871  0.0161954 -0.337841 0.940937 0.0153369 0.0162918
4  0.0865287 -0.0803634  0.0201297 -0.455422 0.889351 0.0390785 0.0108723
5  0.0511081 -0.0576805  0.0179096 -0.543071 0.839224 0.0251794 0.0119815
6 -0.00888621  -0.0463003   0.0221298 -0.644075 0.764227 0.00923667 0.032248
7  0.0351078 -0.0596071  0.0195233 0.723278 -0.68991 -0.0241772 -0.0175701
8  0.0893263 -0.0686081  0.0317668 0.812615 -0.581191 -0.0432964 0.000355141
9  0.0428345 -0.0935144  0.0294231 0.874255 -0.48458 -0.028187 -0.00810458
10 -0.0101471  -0.135829  0.0367239 0.934297 -0.354076 -0.0237448 -0.0339941
11 0.0191022 -0.108444 0.0348923 0.967425 -0.251049 -0.0294031 -0.0140785
12  0.0521352 -0.0638949  0.0335355 0.993574 -0.106676 -0.0337891 0.0169974
13 0.0486859 -0.168037 0.0317628 0.999462 0.00878536 -0.0284217 -0.0138359
14 0.0381721 -0.138788 0.0437267 0.991351 0.130058 -0.0175754 -0.000391497
15 -0.0139318  -0.254645  0.0165242 0.999356 0.0232859 -0.0178643 -0.020664
16  0.990596 -0.429751 0.0210459 0.99906 0.0312568 -0.0248473 -0.0168977
17    1.1363 -0.328539 0.0221692 0.988427 0.149522 -0.0192844 0.0168558
18   1.27747 -0.276495 0.0140655 0.967953 0.25027 -0.0197881 0.00636487
19   1.35267 -0.303175 0.0188359 0.989128 0.146792 -0.0084109 -0.00277115
20    2.32644 -0.0818692   0.030675 0.998842 0.0389756 -0.0214527 -0.0183365
21   2.83892 -0.202992 0.0147137 0.997407 -0.0705798 -0.0115538 -0.00797426
22   2.81769   -0.2518 0.0281303 0.980845 -0.192106 -0.0160726 -0.0279475
23   2.80528 -0.223916  0.036758 0.956617 -0.290968 -0.00823369 -0.0123982
24   2.78708 -0.234756  0.031014 0.91281 -0.406966 -0.012703 -0.0315657
25   2.83079 -0.188804 0.0408117 0.86786 -0.496214 -0.0225248 -0.00913164
26   2.73687 -0.204203  0.020392 0.787682 -0.614917 -0.001599 -0.0378391
27   2.65702 -0.203329 0.0285156 0.710542 -0.702162 0.00308608 -0.0457129
28   2.70634  -0.20018 0.0286714 -0.626574 0.778706 0.00555996 0.0314698
29   2.78971 -0.206584 0.0380891 -0.535885 0.843656 0.0259806 0.0199247
30   2.75351 -0.133573 0.0329992 -0.428464 0.90323 0.000510467 0.0243619
31   2.77169 -0.128909 0.0222314 -0.313392 0.949275 0.000541042 0.0257466
32   2.79879 -0.139965 0.0293721 -0.20926 0.977501 0.00799172 0.0252825
33    2.78853 -0.0562774  0.0296736 -0.0782036 0.996151 -0.0258483 0.0299797
34   2.79645  -0.13165 0.0318907 0.0280437 0.999328 0.00273053 0.0234507
35    2.82158 -0.0545377  0.0275451 0.13359 0.99083 -0.0162502 0.0120325
36  2.27577 0.114508 0.033321 0.0095639 0.999374 -0.00638153 0.0334538
37    2.1994 0.0976752  0.032591 -0.103297 0.994198 -0.00098597 0.0299741
38    2.07397 0.00971124  0.0311979 -0.215052 0.975359 0.0329231 0.0366673
39   1.93084 0.0765445 0.0252139 -0.106513 0.993769 -0.0195287 0.0264075
40   1.87209 0.0197617 0.0191376 0.000847155 0.999545 -0.00322697 0.0299791
41   1.80248  0.054412 0.0205224 0.107548 0.993889 -0.0114903 0.0220388
42   1.29578  0.119232 0.0235603 0.00431831 0.999678 -0.00481393 0.0245421
43    0.27479   0.166601 0.00820218 0.0184375 0.999247 -0.0110075 0.0323019
